spin component  1

  0.8249  0.0015  0.2208  0.0003 -0.0367     -0.0000  0.0000 -0.0029 -0.0000  0.0075
  0.0015  0.9600 -0.0023  0.0027  0.0004     -0.0000  0.0000  0.0000  0.0004 -0.0001
  0.2208 -0.0023  0.5510  0.0003  0.0611      0.0029 -0.0000 -0.0000  0.0000 -0.0105
  0.0003  0.0027  0.0003  0.9615  0.0001      0.0000 -0.0004 -0.0000  0.0000 -0.0000
 -0.0367  0.0004  0.0611  0.0001  0.9474     -0.0075  0.0001  0.0105  0.0000 -0.0000

spin component  2

 -0.0000  0.0004  0.0000 -0.0002 -0.0000     -0.0000  0.0003  0.0000 -0.0004  0.0000
 -0.0030  0.0000  0.0042  0.0000 -0.0002      0.0085 -0.0001 -0.0164  0.0000  0.0021
  0.0000  0.0002  0.0000 -0.0004  0.0000     -0.0001  0.0005  0.0001 -0.0002 -0.0000
 -0.0100  0.0001  0.0188 -0.0000 -0.0031      0.0027 -0.0000 -0.0042 -0.0000  0.0012
 -0.0000 -0.0001 -0.0000  0.0003 -0.0000     -0.0000  0.0005  0.0000 -0.0001 -0.0000

spin component  3

 -0.0000 -0.0030  0.0000 -0.0100 -0.0000      0.0000 -0.0085  0.0001 -0.0027  0.0000
  0.0004  0.0000  0.0002  0.0001 -0.0001     -0.0003  0.0001 -0.0005  0.0000 -0.0005
  0.0000  0.0042  0.0000  0.0188 -0.0000     -0.0000  0.0164 -0.0001  0.0042 -0.0000
 -0.0002  0.0000 -0.0004 -0.0000  0.0003      0.0004 -0.0000  0.0002  0.0000  0.0001
 -0.0000 -0.0002  0.0000 -0.0031 -0.0000     -0.0000 -0.0021  0.0000 -0.0012  0.0000

spin component  4

  0.9706  0.0000 -0.0324  0.0003  0.0029      0.0000 -0.0000 -0.0001  0.0000 -0.0008
  0.0000  0.9608  0.0003  0.0010 -0.0000      0.0000 -0.0000  0.0000  0.0003  0.0000
 -0.0324  0.0003  1.0103  0.0002 -0.0090      0.0001 -0.0000  0.0000 -0.0000 -0.0002
  0.0003  0.0010  0.0002  0.9614  0.0001     -0.0000 -0.0003  0.0000 -0.0000  0.0000
  0.0029 -0.0000 -0.0090  0.0001  0.9612      0.0008 -0.0000  0.0002 -0.0000 -0.0000